layout_spectrum: 1
color:
  saturation: 0.9980278
  lightness: 0.7311828
  brandStrength: 0.5688683
  rhythmicContrast: 0.4076081
typography_spectrum: 0.4258015
name: 'Tolstoii '
